NAME: bayg29
DIMENSION: 6
EDGE_WEIGHT_SECTION
   0   97  205  139   86   60  220   65  111  115  227   95   82  225  168  103  266  205  149  120   58  257  152   52  180  136   82   34  145 
  97    0  129  103   71  105  258  154  112   65  204  150   87  176  137  142  204  148  148   49   41  211  226  116  197   89  153  124   74 
 205  129    0  219  125  175  386  269  134  184  313  201  215  267  248  271  274  236  272  160  151  300  350  239  322   78  276  220   60 
 139  103  219    0  167  182  180  162  208   39  102  227   60   86   34   96  129   69   58   60  120  119  192  114  110  192  136  173  173 
  86   71  125  167    0   51  296  150   42  131  268   88  131  245  201  175  275  218  202  119   50  281  238  131  244   51  166   95   69 
  60  105  175  182   51    0  279  114   56  150  278   46  133  266  214  162  302  242  203  146   67  300  205  111  238   98  139   52  120